12
1
1
1234
9
1
1237
1
666
20171127
222
101
1337
1234
101
123
20
71
2
1
123
123
39394
131
1
15
1
123
9782
101
101
200
1
1
13
100
1
123
90114
92
123
123
123
1200
3
12345
999
123
250
26312
13234
321
115
100
1234
7073
0
888
123
4
66
10
1
1
7
0
1
3333
1
42
365
1234
98754
123
2908
23
100
1
765
3
1234
1
1
2
42
1
25
95
1234
90
123
1234
20
1234
123
1
1234
1
123
0
123
1234
100
10
10
42
5
1234
123
45
0
123
123
60
1234
5
10
42
42
123
357
1
1688
1
1
1
1
1111
42
11
23
3495803
200
95616
20171106
100
47
12345
123
42
1
2017
1
111
20130810
123
1
47
100
123
5
101
42
123
8
3939
123
666
47
47
0
123
512
67
123
0
123
8
10
1
1
28100
786
1
1234
1
1
200
100
123
123
143
123
123
123
590507
123
1
13
100
2017
123
123
123
1000000000
123
998
590507
123
999
1
1
591
100
1200
12345
150
300
1
1
1
12
3
1
9
123
7
12
3000
42
1
506
2
1
456
2016
1234
123
32432
123
2
137
9850
123
123
0
2
123
123
1
10
10
4650
100
11
73856421
1024
123
7
43
100
101
124
1
123
1
42
42
123
12345
1
40
294056
3
1
825
666
3
123
123
1
1
42
123
3
10
650
1
1
0
1234
12345
560
123
560
0
42
1
2
1200
0
10
123
123
123
1981
123
78
123
403
4
560
42
9782
1
10
1
7
123
0
123
1
1839
10000
123
1
560
1234
100
111
123
12345
1
111
111
0
273
1234
1988
1432
101
123
123
123
123
123
1234
12
123456
560
4286
123457
123
42
2017
2
242
12345
2
1
16
42
19
2
123
123
10
99
12345
16
7
35
12
1234
66
7
12
10
1234
1234
1
300
123
3
1
1
1
100
512
1
242
2
123
1988
1
12345
123
1
12345
1
1234
100
3550
1
1
890
667
123
123
100
123
0
1
1
1
100
5
1222
8675309
10
18
4
12345
955
1212
500
1
122
1234
12345
12345
42
123
110
12345
100
123
1
21
1
101
69
123
1
18
110
12345
100
123
1
101
123
1
1
51
1984
70967993
123
123
100
12
123
123
42
10231
11
20
123
1
3
123
1
1
1
123
42
24
1
314
365
789
1
123
123
1999
123
5
28100
1
1
3
0
1
100
123
1
0
1
10
123
100
123
123
12345
123
2016
1
0
123
123
1
1951
1
123
777
555
123
123
2
123
100
2
1
1056
121
456
1
12345
1234
123
1
1
101
1005
115
121
115
1
200
200
201
1987
123
123
1
1234
7
1234
10
84102
5
123
7
1
5
9
1
10
1
1
122
1
123
1212
1000
42
42
1
1
5
62433
81417
1984
123
101
1
123
30592
123
100
1
101
1
201
3
1
1
1
1
7
0
50
1
1
123
123
1984
123
2
50
1
3303
1
12345678
123456789
1
4
7
1776
5
0
1
123456
5937
10
1000
42
1234
42
123
1
200
1000
1
10
1
1
1
0
10101
123
140692
0
2018
0
123
1813
1234
1
123
1
949
50
123
1
123
42
123
123
123
123
8
1
123
1
1
1000
100
1234
7331
1
45
2
101
123
123
5
1
1
3
3
107
1914
4012017
12345
123
122
100
7
123
12345
1
123
12345
111
3
1
507
444
1
1
32
32
0
99
1
100
1
1
12345
333
1000
6789
0
0
1
100
123
415
1200
123
7
999
42
14
123
1
1
1
1200
42
1
1
42
1839
20170711
12345
5486
1000
1
1
1
123
123
123
123
1
123
1
111
123
1
1000
1234
123
1
1000
123
1
1
123
1
123
22
37
1234
1
123
30
0
100
132
5
123
5
101
1
0
654
1
1234
1
1
123
1000
999
42
2016
1
88
27599
3
1234
1
1234
123
7
1
1
62617
1
1
1121
1
0
1
123
10
123
101
815
9
1
9
1234
1485
1
1999
80974140
7
3
42
0
27599
123
1
42
1
1
10
1
1492
10111
10
0
123
1
0
100
123
0
123
0
121
1234
123
1
42
123
1
1
2
1234
3
1234
5
18
42
123
101
97531
19
27864
123
1
42
10
78
42
1
100000
1234
7
1
4
333
80617
1
3413
1
7
1
222
123
1
1
34
1
1123
71
42
10
42
1
1
40769
0
123
71
1
0
100
71
1000
12345
42
123
21
234
100
101
42
0
123
123
70
123
1
1000
10987
1234
500
0
11
100
1
12
10
1
1
975
123
10
1
1
0
1
123
1234
0
10
123
1234
12345
1
123
200
1234
20170524
1234
125
52217
1
111
1
1234
1984
684654
1
123
123
151
2017
1
1899
1237
1
234
2460986
2460986
7
0
500
10
123458
42
3000
123
100
3
1
123
7
307
307
123
20430
123
434
357
1
20430
22
10
123
1
1000
100
1234
1121
848
42
11
1234567890
1234
1337
100
451
100
299
1
10
2937107
1
1
1234
1485
1000
123
1
42
11
1
1
1
123
42
11
1
1
47
60223
202
123
1
4
2372064
123
123
1
12048
12048
7
7
1
1001
8675309
11
1
0
1234
1234
26
1
16211
12048
2010
1
12577
1234
123456
1
123
1
1234
21821
1000
123
24
24
123
101
100
38291
123
1
1111
4
1234
47
100
123
42
123
123
0
234
1
1
3457
123
0
4
123
10
20160229
1984
36
42
1
42
123
1234
1
16
890
0
1
20160229
1
1
123
1234
123
67
0
123
1
123
1
3142
2
2
123
123
1234
42
1111
1
1
1
2016
1
123
1
17
10
3421
1
42
3
1
5703
10
9876
11
123
1
55
1
0
1
3
1
1234
1234
123
42
5
2017
1
123
1
123
998
1234
0
1
789
0
1221
1234
1
1
1
1
13532
18
123
1
1
1014
2017
3
1
995
123
123
42
7
7
1
123
2
1234
3
42
41
1234
0
100
1
5
123
1234
123
100
42
415
1234
1
1221
1
123
1
327
1
1234
442256
1234
123
694
324
1
20170327
2017
123
10
41
1234
8
426
1
1
1
25
200
10
1234
1234
42
1
520
100
2017
111
7
397
1
1
1
12479
1234
151
4887
1983
1
123
0
42
1
3
1337
123
101
333
1313
123
1
1
99
0
10101
2000
123
1
21
1
1
1
1
123
1
2017
0
1
10
10
2016
123
1
1
100
100
42
3456
69
1
5
10
666
100
123
2017
101
42
1
1
17
123456
42
1
90
395
122
123
123
65
123
10101
123
100
1
100
123
1234
42
42
123634
395
1234
100
3456
10
123
1908
100
1
11
5695
123
1
40
42
1
1
395
101
123
123
123
1
1224
42
1
1
175232
1
100
1
1234
1
24
1001
30
1234
1
123
1234
1
24
149
20
123
1
77
2
1
10
42
101
1
123
123
1
1
1
1
12
2017
1
1
42
123
10
1234
1029
12
123
123
123456
122
36
1
2017
1
0
1
100
1
1
1234
1
15887
1
1
0
123
1
12345
98765
142
1
123
1234
41
123
3
1
1
1234
20
36
1
111
1
54878
1
11
1
555
1
1
2
101
1
1
1
789
12731
1234
2
10
30
11
123
1000
1234
12345
612
1234
0
2016
1
40
10
1
1
1
1
1
123
888
50
1234
100
1
101
234
5082
1
7354
32881
2017
0
30
42
1
222
4
1
10
88
123
8675309
123
56
493
2017
30
1
1
42
10
200
123
100
107
10238
501
0
100
1
10
2062017
20
9850
1
100
100
100
100
22
1
42
45
234
30
12345
30
10238
7
123
1
1234
10
100
0
123
2
1
101
456
13181938
1
10
2017
1234
88
123
1
10
12345
10
1
123
12345
1
10
1
1
35
123
0
1
123
1
1
3
1
111
34398
1234
1984
1234
66
100
1
1234
1
1
1
1
123
10
123
1234
1
123
21
50
1337
1
1
1
8675309
0
1
1
2
234
1234
10
42
1234
512
1
1
10
3721
42
12345
22
100
23548723
5
1
42
123
1
435
1
10
0
42
123
100
123
1
666
3737
1223
1001
42
123
1
100
42
384
10
123
24
1234
10
1
123
1
42
1
5
666
1
1
1
1234
123
2017
24
42
4
1234
123
1453
123
1
1
1
123
1
1
1
1
0
101
4
3585
3
1
20
1
1000
1
1
96
33
100
100
111
1
100
100
2
1
123
100
100
10
300
314
7
111
88
1
111
456
1
33
1
1
1
123
3952
4
1
123
1
4
1007
99
42
10
1
34
75
100
219
123456
9909
1
129485
123
123
1337
100
10
1
1
5000
100
1000
1
0
7
123
123
1234
2016
42
205
12
1234
123
1602
1
42
66672
42
24121980
0
1
1
1
100
123
42
1
500
48103
4
12345
1
1234
123
101
1213
1234
12
24
10
115
1
1
101
1
20161208
123
12
245
115
999
1234
13
1
42
1337
123456
1
1
1234
1
1001
1
123
100
1
0
4235
1
250
27
1234
1981
666
1234
10
357
9
1
1
1732
12345
14
4363
1
1
1234
205
234234
1234
37
1
20
205
12345
1
1
1
123
123
12345
123
1
1234
223
2095
2095
123
123
1
26
2346
111
410
10
1
9560
1
111
2134234
1000
1
1
112116
1
123
2016
1
1121
5
123
1
1
5
1
82346
1729
1234
42
123
0
1
1
100
2357
123
100
123
1234
2016
1234
100
42
4
1
123
2016
1
1
2016
1
998
123
20161112
123
1000
123
1
1
32833
20
0
88
1
111
2
1
919
99
1
2
10
123
1234
123
1
24
24
24
1
5
10
1
0
1
1
42
912
1
1234
123
1234
1234
1
123
10
1
123
123
1234
123
123
1
432
2
1
20161027
2016
1
123
123
121
42
7
123456
123
10
1
42
3
99
123
1234
123
1234
123
1234
1000
1
0
1234
1234
1
12345
1
123
2
3
1
1
123
10
123
1
122
1
20
12822
111
1
123
1
123
130971
1234
1
123
1
124
8
1234
123
111
1056
1234
567879
10
1
987654321
123
1
1
1
5
43290
1234
101
2222
1564
1
1
15
1
12345
123
1234
1
1
100
123
3
1
952
1
1
100
1
2016
1235
1
1
3
1000
100
1
100
1
1
1
1
1
1
1
100
1
12345
1
1
123
1
1
1
123
41
29
100
1000
7
11
100
1
123
1
123
123
1
1234
1
1
12345
1
123456
36
500
503
1337
36
1729
10
101
1
1
1
1
3
123
1
123
123
1234
1234
0
4521
1
11
123
1
12345
8
143
107
1
123
42
123
907
123
123
1
123
1
12345
1
337
123
1
1
0
0
10
1000
1234
13435
12345
1
2016
7
2
1
444
998
42
1
1
1
101
1
10000
10
10
1234
123
2016
123
1
201
1
1
1
1235
1
2016
1
8
0
10
2
1000
1234
1
28100
1
1
1
1
318
2015
1
1234
123
123
1
42
12345
10
10
100
42
123
1
1
1
1
987
16
100
1234
2
2016
123
12345
75
100
111
650
1234567
1
2
1
1
0
42
13
1492
1
0
123
13
12345
2
205
10
1
123
1
1000
5
1
1
100
0
456
1
10
100
300
1
642002713
1
20
13
7
494139
1
1
10
42
12
1
10
123
1
100
1234
1
1234
1992
1234
1
1
1
123
1
1234
124
1
2
1
1234
1
1
1234
2
3433
100
1234
66
4
1000
42
10
415
100
5432
123
123
2
123
123
1
1
100
20
111
1
1111
78
66
222
100
1
1
1234
123
123
66
1
0
666
100
123
123
20160229
1
888
508
0
1
12345
0
0
5
10
1
0
96
0
0
1
1234
55555
1
1234
4
1
1
10
123
123
1234
123
2016
19930628
1
123
1
2016
1
42
23
160
42
1
1
12345
9
42
1
121
21
1
7122016
1234
99
66
123
2
1
123
99
24
1
1
17
123
10
1
12
1
123
11
503
1
100
1
1234
1
2969
123
1234
123
100
271
120
1
42
0
314
17
234
123
123456
123
2
1
1
4892
1234
12345
123
1
3
1
1
1
12
1
2398
77
1
2
62416
62416
1
123
42
415
0
1234
1234
2
0
1
123
10
1
1234
0
1045
10
123
1234
0
1
17
123
1
1
400
2016
1234
1
12345
1
12345
123
123
14
123
123
1
47
3424
1
7
4
123
199
123
123
123456
101
101
1
183
1234
1
1000
1000
4543
1234
1
7
1
1
1234
123
1
1
123
1
1234
1
1984
1
1
1554
123
10
1234
100
0
1
1
1
346
1992
1
1
1
100
1
0
1
123
0
1
3000
1
1
123
1
1
1
1234
123
10
100
9850
1253
2
23511
12
0
1234
2
25
1
42
1234
3
123
17
21
21
1234
998
100
71
24
998
9850
42
123
24
1
1349
123
1234
123
1
123
100
1234567
21
1
8192
21
1
1
71
753
123
77
1
508
1
123
777
123
12345
23
100
5
123
10
1
4321
1234
1234
1
123
1
1
100
12345
100
123
101
234
206
12
1001
28100
0
1
100
1
1
12345
123
102349
42
101
13
10
12345
888
3
100
1000
30
1234
4
20
10
1
1
3
2
1
123
1
1
123
123
1789
1234
1
1
123
314
42
4
12345
1
123
11
1000
12345
123
123
24
1234
101
1234
8675309
123
1
1234
1
1
998
123
9850
124
0
0
1
1
124
123
1984
1984
1
10
1984
9782
1234
1234
1
31031966
1
1
123
123
1
3
123
123
123
1
2
1000
123
123
1
1
1000
2
1
123456
123
1
1
24
23420
123
1
34123
28100
731
123
2
101
1
42
111
123
1
100
20275
1
5
1
1
9782
8361299
3
1
1
123
7
1234
1213
1
1
123
24
40816
40816
1
2133
1
1
7
122
12345
1
1
1
888
1
8402
10
123
1
124
3123
1234567
9782
9
1235
10
1
1
1
1234
1
1
1234567
123
1235
731
0
100
200
100
123
125
123
1
1
0
1
440
0
1
2299
1
9782
1
25
123
303
123
100
1
1234
100
1
1
7
100
10
1
1
4
1234
123
9
75
1337
2
123
0
10538
123
4321
2
145
1
2001
1234
1
8020
1
1
1
2
9850
42
64
1
123
200
1234
3162016
1
1
10
123
123432
1
124
1234
123
2016
1234
0
123
0
1
100
20160313
123
123
10
1337
45
1234
1
123
1
124
123
0
42
1
112
40
45
1000000007
1
0
1
5
777
1
375
1
123
123
123
123
1
1234
123
2016
1976
13
1337
3952
1234
1
42
1
5
0
1
23
3141
1
2016
100
1234
1
123
2
1
123
12
1
123
20160229
100
1
0
1
123
12345
733
1
10
123
1
1001
80122
0
4040
1001
123
42
1
12345
1020022316
123
123
123
1
1000
7
123
20160201
1
123
1
1
123123
1775
123
1234
42
1
123
3
42
1
15
20
42
1
12345
4
123
501
345
0
123
12
1
1234
9850
3
1
1234
3
5
17
3
2
2014
123
12345
1
1
100
1
1234
919
1
1
1234
111
5
1977
1
1
1
0
946
1115
1
33
123
550
2529
1
1234
1
123
123
123
1
123
5141
123
1999
1
123
18032
1
1
1234
1
3142
122
1
1234
4321
0
1
12
2
20160201
12
1223
123
1234
123
1
123
42
1
1234
123
1
234324
10
123
111
1337
123
74079089
123
4
10
123
123
1
2425
1
25
1
1234
1
1234
123
1
123
7
2016
123
506
42
1992
1
1
1992
7
123
123
12345
1
825
1
1928
3952
1
2016
1
1
123
15606
123
1
100
1
1
42
31
1
1
1
1
123
123
57
123
1234
2016
123
1
42
1234
23525
3
100
123
1986
43
1
12345
1
1
124
28
333
0
1
1
1
2
123
123
8
101
3
1
1234
123
1
7
12
123
123
8000
123
104
0
1
1
123
1
100
1
101
3
1
42
1
253
123
123
14
1
16
123
123
50
2154
10
12345
1
2
1234
31415
12
1232
13654
100
3542
123
1
1
12213
10
1992
123
123
1
0
12345
17
2
919
12345
919
1
1
13
123
120834
42
8
300
1
1
14
1
4
1
100
1
123
12345
123
123
123
10
55
1213
42
10
123
955
1992
2
11111
1337
1000
122
1
200
1
101
12
123
42
2
122
1
1
10
123
5
1
1
1234
1
123
123
123
21
1
1
10
7
123
150
1
1234
123
1210
45
123
1
123
9999
531
100
8
71
1234
1
10
2
142981
110
12345
1
123
4
5
101
1
42
2014
63
100
100
1120
1992
100
42
1
42
321
45678
123
1
1
142
111
0
123
123
123
0
128
47
500
5
123
8675309
1234
1999
123
42
1
1
42
0
12
123
614
1988
123
1
11
12345
1
1
1
7
2015
1234
9850
1234
2
456
123
1
1
28100
123
1809
23331
124
3
1
123
1234
10
1415
789
333
42
1234
42
1
855
124
1234
1
12345
9850
3523
123
123
1
1
17
1234
4
1
1
123
1
42
123
42
1006
123
123
123
100
10
1234
1
13518
4566
123
123456789
1337
123
998
1
2
123
6
123
1
2
1234
42
1234
42
20150518
1
124
1234
3
20150518
230
123
1992
100
1
974
100
123
100
123
2
1
123
124
1337
1
42
42
100
2
1
15
13254
123
1992
1
14387
2218
10234
12345
100
1234
1
1
1
12
100
111
3
124
100
1
1234
1
1234
123
123
42
9
1
825
961
1212
5
7
1
12345
919
5
2
4363
1000
123
3
6218
1
12345
0
123
321
117
1
5
1
123
123
1
1
123
2
1210686
1234
123
1234
55
1
1234
12349
11
123
825
11
1
123
1
1
123
123
2807
1
1
123
1
0
1
1234
2134
8
12345
123
20
28100
20
123
100
1029
123
1
211
1234
1
123
42
123
123
9
1234
42
1
1
123
1
1
2
111
123
42
1
123
123
123
0
1
825
1
300
1234
2
123
4358
1
1
1234
321
1
1000
12
1
28100
3
123
199
123
101
123
112233
1234
1
1
1
84
1
123
2
897
0
10
123
1234
100
100
123
122
404
123
321
1234
24
123
10
1234
1234
1
1
1
333
5
123
1
12
1234
123
123
123
1
3546
1337
123
112
11
10
3433
25
998
123
1
1
8
123
12345
990
42
1
1
333
100
42
1080
1234
340
12345
100
1487
42
1
5
3433
2
123
20912
27514
999
1
1234
1
1
1234
586
10
1234
321
1234
3
1
1
122
5
1985
777
0
42
2
1234
1
1
12345
8195
1
1
42
144
12345
1
1
3
100
1
1
2015
1
1234
1234
1
123456
20150731
123
1
0
1
20141221
5678
12345
12345
12345
1
1
123
1
2015
12345
12345
24
12345
24
12345
12345
494590
123
1
10
1
142
1
124
2112
1
15
7232015
1
33
123
1
123
100
10
123
24
100
10
2
123
5840
123234
1
1234
1
1
123
10
0
200
2
1
120
123
1234
456
42
12345
20150710
2
123
1234
123
10
1
1234
123
1234
123
24
1
44
1
123
123
123
2
2138
7102015
10
4
123
100
542
1234
1
782015
8
1
123098
42
1
101
1
1
1
0
1
1
123
8
1
10
100
123
999
1
33333
1
69
33
45
1
343
1
123
123
1
123
100
123
33
6232015
1
33
13
1234
3489243
100
1
1
1
1
10
123
1
144
1
1234
1234
12345
51214
145
1234
6232015
3952
1
42
1
6232015
123
1
1
1234
1
1
1
28100
1
12
12345
504
486
99
1234
777
0
1001
1984
17
2015
1
1
513
1
123
12345
1
1
2138
1
1
12
476372
3
777
1
0
12
1
1
1
12
18
123
1643
12
123
4
1
1234
1
1
126
362
1234
1
2
1
3
126
1
123
1009
42
1
123
1
1234
1
123
124
1
123
1234
1
18
28100
1233
98
1
999
1234
48
1
1683
123
144
12345678
1234
1
28100
362
10
10
123
1
123
0
10
1
10
0
7
1234567
123
123
123
1
500
1
1
9
5276
8888
28100
123
1
919
1
33
28100
7
123
100
1
7
1
123
987
123
10
1
132
1
271
2000
2
2
28100
123
11
1
41367
908
42
123
123
123
1
37
1
123
1234
7
1
572015
123
123
1
1
1234
144
343
1
82365
1
4
4
1
1
24
1
22342317
19
128
121012
123
1
1
13
24
11
12345
12345
20531
1
123
1
1
9
144
10
4
12345
1
123
1234
123
10
100
1
42
0
1
50
1
1942
1
1
1
1000
11
1
123
10
100
7
102
1987
1
1
1
133
100
89
300
123
28100
1
1
100
123
123
123
1
100
1234
12345
0
12976
1
8
2
3456
1
1234
100
1010
2
54321
6809
15
3456
3456
101
3
1
1
10
668
1
1015498
1
1234
31233
42
42
1
1234
151
1234
123
1
100
33833
1121
5
66
1
4576
90088
123
0
1
1
123
1
123
12351234
1
123
100
12345
33833
1
24
1
123
1
42
123
31915
10
10
1
42
100
50
21
0
808
100
9999
100
123
1
1
34
500
27
1
9
42
1
123
123
10
12
8
1
47
123
1234
101
1984
1
47
1
1
11
101
1234
123456
2
1
123
100
2
2304
1234
100
1
123
1
1
42
123
8
123
489
2015
307
400
1111
1
34567
10
1
15
2084
1
3
1234
2
1
1
5
3654654
10
1
1
1234
0
1
65
500
456
1
71185
123
1
1
232
1
1234
12
90088
100
4
830219
123
50
1234
123
1
42
1
42
1234
290875
1
123
1
1
12039
2015
1
324
2009
1
500
666
1
1
1
12345
10
123
165
360
8
1
13
123
12345
123
2014
123
314
1
12
23
9992722
123
12345
1
1
1
1
314159
120
1
8
101
12345
2014
12512
123
123
1
1234
666
955
1
100
123
1
1
12345
123
1
1
42
8
666
310366
0
17
789
2013
10230
8
342
42
1234
125
1
2
1
23
8
201
201
8236
999
2
8
222
2
55
1
1
1234
1
123
123
9
999
342
1234
2015
21
1
123
123
3456
1
12312014
42
20
1234
123
1357
123
123
1
1
1
1234
20
1234
23
23
1
123
20141220
12345
333
13
668
1234
1
20141216
12345
77
1234
23
42
1
100
10
839
1234
101
1
123
1234
123
4
1
1
88
1
83
666
123
1
123
1
1
1234
1
5
123
1
12349870
10
100
1
290875
123
1
1
100
1
1234
1
1
21
1
25
1234
6298
1
23
100
123
31415
2
1
123
5
1122
23456
8
13
7
42
123
1
123
200
0
10
15
173
66
1234
31
975
123
1234
123456
1
13
123
1234
123
655
123
123
333
666
123
4
123
1234
12345
123
1
8092
1
123
2
123
1
1
101
123
1234
1
9
123
101
8760
123
7
1
1
1
123
101
1
4
1234
57
101
8760
123
2138
12345
13
1
123
666
2
1
1
123
1
1
5
123
321
101
1111
1
99
3674
31
1
1234
100
123
1
100
1
1
1
123
101
1
192
12345
1
88
100
10
1
1
12345
99
101
42
144
1
123
31
1234
1
123
42
42
144
10
121
123
1
99
5
1
5
100
3585
111
100
17
1001
1128
1
123
1001
42
1
42
1
49
100
567
1
666
0
56
123
321
42
1
42
1
123
59
0
20
1
200914
1111
1
42
10
1
11
1234
12345
10
34
2
6737334
1234
6
1
1234
1234
200
500
1
100
10
12
1234
100
12345
13
100
0
28
1234
100
12345
100
12345
2
1
1
13458
3
12345
123
123
50
12345
123
893
123
100
12345
1
123
1
123
1234
10
123
10
0
1234
7908
1
3
3433
123
1
123
123
25
1
12345
12
1
1
42
1
1234
8
1
40
44
2
134
1
2
1
10
20140123
815
1
123
591251974
1
42
2014
1234
101
144
123
1234
825
42
2014
10
1234
123
349
310366
1
10
1
100
825
1234
2
1
1234
4
123
1
1
1234
2015
456
101
825
12
1
5849
123
42
123
123
99
1
512
5
1
100
1
1
1
99
42
1
1000
1000
1
123
123
11100
65421
42
1
1
123
1
1
1000
245
825
42
15
1401
123
123
825
6218
100
21
15
0
123
123
42
10
1
5678
123
1
825
1234
1
2000
150
0
15
1000
123
2382
1
1234
1987
123
1
1
37
12
415
14
42
10
1
1
12345
1
32343
125
1234
1
4
1
3
111
10
2
1
1
123
123
13
1011
1
2
123
999
100
24
1
12
4
42
1
2
911
1
1
1
1234
42
35
35
123
2014
10
0
12345
314
1
1234
10
1234
1123
123
1
123
129
2
123
12345
3
1
123
1
10
1
2
400
100
3
1
22
1
1
42
123
42
1
17
253
1234
42
30
1234
1
123
20140430
1
10
1
100
123
1
123
1
1
1234
9
1
11
1234
42
1234
1
1
99
1234
17
1
0
122
42
1000
42
1
1
16
5
123
1
123
1
0
1
1234
0
0
1234
1234
1234
1234
1234
42
1
1
100
1014
1
123
234
12
1
1234
1234
200
123
2014
2014
12345
334
1492
1234
1234
1
100
2014
1234
2000
6510
1200
123
100
123
100
3
2
1
492
1
1
0
10
1
41
1
1
1234567
4
1
1
1
88
1
1234567
1986
42
1234
2
42
1
1
567
123
1
0
1
2
10
1
0
1
1
1234
1
1
123
2
1
0
1234
1
42
1234
173
1
19
1
1
1
123
7
1
1
123
42
42
123
1
10
123
1
53
1234
100
1
1909
1
314
1
1234
1
10
1111
5
2
2009
234078
111
19790801
42
1
50
1235
1984
456
1
1
1
1410
100
1
2935
1
1
1
42
123
20130226
1234
123
1
1
1
3
0
1
1
123
1
123
0
1001
12345
123
42
77
1212
331
123456
123
123
1
123
15
1
55
1
1501
123
1
0
1
1234
1
1
123
13
1234
1
1
2
1
1
12345
123
33
1234
1234
9
10
103
6534
101
1
222
123
2014
315
45
1001
12345
50
326
1
123
46
666
42
123
20
1
1001
123
1
1
1
123
1
1
123
378
1
101
123
123
1
1
123
1
42
1
1
100
123
123
23
123
1
5
1
1
5
1
1
1
1
123
1
2013
123
157619
1
0
3952
12345
111
1
1
1000
2013
25
2013
1345
42
1500
1500
1
1
1000
1212
1234
1
11
1
23958
1
1
123
1
1
444
10
12
36
1
300
0
42
1
290875
1
123
1
123134
1
100
1
1
123
25
10
123
123
47
1
94253
123
100
42
1
12345
1
1234
1234
1
321
1
1234
645
333
456
1
131107
77
1
55
1
665544
102
1
144
1
1111
42
100
1
12444
1
1
12345
1
9
123
1
1
1
1
123
1
12345
1
55775
9
100
1
12345
2013
1
1
1234
123
111
123
2
1
2013
123
666
1
600
3690
1
1
1
1
12345
123
1
1
123
1
13
1
9
42
123
1
10
1234
1
31
101
31
100
1
31
1234
1234
1
31
2
1
1
1
100
1
1
123
111
31
400
46
1234
123
47
1
101
30
9485
1
1
1
5
1052
1
111
7
1
1234
1
1
123
123
1234
1
123
123
12345
13
234908
200
1
123
123
1
1234
1
123
23
1
45
1234
10
0
123
1026
1
667
1234
23432
123456789
4
1234
1
123
31
2
0
1
123456
315
123
12
12
1
1
1234
1234
2112
50
55
111
476
123
2
538
26798
23
51
538
11
123
103
123
123
1
1
7
123134
123
1
1
12345
1
1
120
1
1234
1
6511
1
13
10
1234
1
1234
5
17
16
1
45
1234
1
123
123
3
100
99
271
123
1
1
123
10
13
231
232
123
10
123
1
1
123
600
1
123
1
1
2
1
123
123
1
1200
12345
123
50
13
48151623
1
4
271
1
0
123
2
3957
1
1
123
1234
17
1
34
1
2000
2
6
42
0
198302
1
77
1
4
1
123
123
123
17
29
18
1
1
42
1
1
12
2
10
5872
20130613
1
1
899
123456
123
32
1234
1234
1
888
1234
1234
1
0
1234
100
0
1
1
1
42
1
12345
2
10000
340
1
50
50
12345
50
1981
1
123456
81
1
1234
12345
12345
50
18746
200
1
123
1234567890
2
22
20
123
1
123456
1
1
1
180
6
123
7
123
1234
10000
1
10000
0
123
0
15612
123
42
123
12345
12345
12345
0
1234
42
123
123
1
12
1234
30
1
123
1234
1234
1234
123
444
11
667
1
1
1
10
667
1
999
123
7
1234
1
1234
1
200
1
413
42
10
42
9
42
42
1234
2
1
1234
2013
45
1
1234
123
1
30198
4
1234
100
45
1234
10
444
100
42
99
825
472
3
1234
123
1000
1
234
10010
1234
42
142
50
10
34859
2157010
999
999
23409
666
1114
100
100
123
1234
1
10
12345
111
8
647
1
0
10
99
20130226
3
999
1000
1066
1
1234
1234
45
123
1
1234
1121
42
897
1
1
1
140213
123
1234
1234
123
12345
179
123
123
2
1
1
12345
1
47
145
100
12345
123
2
2112
10
1
665544
1
2112
45
10
1234
1
123
123
1
1
1
1111
1
123
32423432
17
101
78910
1
54321
101
2
3
101
1
12345
12345
1234
2
1
112
1234
12
1
1234
1
12345
1
123
123
10
1
123
1
12
123456
1
123
456
123
98234
1
5
1234
271828
123
123
1
123
100
123
1
1
0
101
13973
1
51
38593
42
1000
1
1
5
47
10
42
42
1
10
123
42
123
1367
10
10
12345
2
1234
1986
1
12345
21
1
1982
100
10
123
10
1234
1
201
1
1
123
1859
12345
1
50
1
999
7
1
100
1
1
1
1410
1410
1410
1410
1
1234
1
1
1
1234
1410
1410
111
7
125
94
10
1
1234
1234
1
223
11
666
7302012
111
100
12345
123
1
7
1
1
12345
42
1
13
42
1
123
123
1
1
1
1
2
42
1
12345
123
1
5
1
9
123
1
5
101
1
20
1234
12345
100
1010
534
100523
4444
12008
12345
1234
3
12345
13
1
1
150
12345
1000
10
123
12345
12345
12345
666
666
123
0
1562
1
1
448
1
9345
123
100
123
1
123
12345
12345
6
0
123
4
123
124234345
6
1342
1
42
123
10
1
271828
42
2
271828
10
10
100
123
42
10
12345
100
11
1234
1
123
10
1
1234
20120220
101
1
1234
1
12345
10
0
12345
1001
69
0
12345
1
12345
20
212012
12
1
13
12345
723
4
1
1
2
42
1
1
3
1
4444
1
55
123
1
123
1
1
1
1
1234
1234
1
123
1234
1
1
123
12
123
13
123
123
67359
1500
1000
0
0
0
1
1
5
42
0
101
1
123
123
123
12345
12345
12345
1001
1345
1
42
2011
2
456
1234
1234
0
1
2
1234
1
1001
1
12345
1
10239
271828
3
603
1234
1
1211
10
2
1
5464
45
1
5
1
12345
1234
42
10
10
1234
1
42
20110224
1
1
631
123
666
83877201
40
50
2001
1
1234
10
42
1
1234
100
1
2
39
1
1
2
1985
100
1000
1234
123
