1
1962
1
1234
7
7
1234
7
1
900
7
0
1
121
46144492
2
905
54
42
1
7
1
1
1
1
7
5
7
90
0
1234
2
1
1
42
1
42
1
0
22
1
1
111
107
123
7
7
7
12345
0
7
7
10
7
13
1
1
1
2
237
8888
237
2
1
3
7
123
7
1
40
7
0
12345
42
1234
1
1
7
7
1
7
0
1234
7
1
1
7
0
1
1234
1234
0
0
1
123
100
1
0
123
7
3
1234
30
7
7
0
0
42
3
12345678
7
1
100
44
0
0
1000
0
1
42
12345
1
1
0
1
0
1
0
1
1
42
2
0
1
20160201
1
0
1
123
0
1
5
42
0
1
1
42
1
1
1234
123
1
23
0
0
0
0
3530723506
5
66
666
1234
0
3
1
1
1234
1
0
1
10
4321
1178741599
64
99
1
10
42
1234
1
42
2
914576904
1
55
0
0
0
2
98989
