0
17
789
2013
10230
3072012
8
342
42
1234
125
1
2
1
23
8
201
8236
999
2
8
222
101
2
55
1
1
1234
1
123
123
9
999
342
1234
2015
21
1
123
123
3456
1
12312014
42
20
101
1234
123
1357
123
123
1
1
1
1234567
1
1234
20
1234
23
23
1
123
20141220
12345
333
13
668
1234
1
20141216
12345
77
1234
23
42
1
100
10
839
1234
101
1
123
101
1234
123
4
1
1
88
1
83
4
666
100
123
1
123
1
1
1234
1
5
123
1
12349870
10
100
1
290875
123
1
1
100
1
1234
1
1
21
1
25
1234
6298
1
5555
23
100
123
31415
2
1
123
5
1122
23456
8
13
7
42
123
1
123
200
0
10
15
173
66
1234
31
975
123
1234
123456
1
13
2
123
1234
123
655
123
123
333
666
123
4
123
1234
12345
123
1
8092
1
123
2
123
1
1
101
123
1234
1
9
123
101
2
8760
123
7
123
1
4455
1
1
123
101
1
4
1234
4
57
101
8760
123
2138
12345
13
1
123
666
2
1
1
1
123
1
1
5
123
321
101
1111
1
99
3674
31
1
1234
100
123
1
100
1
1
1
477
123
101
1
192
12345
1
88
100
10
1
1
12345
99
101
42
144
1
123
31
1234
1
123
42
42
144
10
121
123
1
99
5
1
5
100
3585
111
100
17
1001
1128
1
123
1001
42
1
42
1
12345
49
100
567
1
666
0
10
56
123
321
42
1
42
1
123
59
59
0
20
1
200914
1111
1
42
10
1
11
1234
12345
10
34
2
6737334
1
1234
6
1
1234
1234
200
500
1
100
10
12
1234
100
2
12345
13
1002
100
1234
0
28
1234
100
12345
100
12345
2
1
1
13458
3
12345
123
123
50
12345
0
123
1
30
893
123
100
50
12345
1
123
1
123
1234
10
123
10
0
1234
7908
1
3
3433
123
1
123
123
25
1
12345
1
12
1
1
42
1
1234
8
1
40
44
2
134
1
2
1
10
2014
20140123
815
1
30
123
591251974
1
42
2014
1234
101
144
123
1234
825
42
2014
825
10
1234
123
349
310366
1
10
1
100
825
1234
825
2
1
1234
1
4
123
1
1
1234
2015
456
101
825
12
1
5849
123
42
123
123
99
1
512
5
1
100
1
1
1
99
42
1
1000
1000
1
123
123
11100
65421
42
1
1
123
1
1
1000
245
825
42
15
1401
123
123
825
6218
100
21
15
0
47
123
123
47
42
10
1
5678
123
1
825
1234
1
2000
150
0
15
1000
123
2382
1
1234
1987
123
1
1
37
12
123
415
14
42
10
1
1
12345
1
32343
125
1234
1
4
1
3
111
10
2
1
1
123
123
13
1011
1
2
123
999
14241
100
24
1
12
4
42
1
2
911
1
1
1
1234
42
35
35
123
2014
10
0
12345
3
314
1
1234
10
1234
1123
123
1
123
129
2
123
12345
3
1
123
1
10
1426
1
2
400
100
3
1
22
1
1
42
123
42
1
17
253
1234
1234
42
30
1234
1
1
123
20140430
1
10
1
100
123
1
123
1
1
1234
1
9
1
1
11
1234
42
1234
1
1
123
99
1234
17
1
0
122
42
1000
42
1
1
16
5
123
1
123
1
0
1
1234
0
0
1234
1234
1234
1234
1234
42
1
1
100
1014
1
123
234
12
1
1234
1234
200
123
1234
2014
2014
12345
334
1492
1234
1234
1234
1
100
2014
1234
2000
6510
1200
123
100
123
100
3
2
1
492
1
0
10
1
41
1
1
123
1234567
4
1
1
1
88
1
1234567
1986
42
1234
2
42
1
1
567
123
1
0
1
2
10
0
1
0
0
1
1
1234
1
1
123
2
1
0
1234
1
42
1234
173
1
19
1
1
1
123
7
1
1
123
42
42
123
1
10
123
1
53
1234
100
1
1909
1
314
1
1234
1
10
1111
5
2
2009
234078
111
19790801
42
1
50
1235
1984
456
1
1
1
1410
100
1
2935
1
1
1
101
42
123
20130226
1234
123
1
1
1
3
0
1
100
1
123
1
123
0
1001
12345
123
1
42
77
1212
331
123456
123
123
1
123
15
1
55
1
1501
123
1
0
1
1234
1
123
13
1234
1
1
2
1
12345
123
33
1234
1234
9
10
103
6534
101
1
222
123
2014
315
45
1001
12345
50
326
1
123
46
666
42
123
20
1
1001
123
1
1
1
123
1
1
123
378
1
101
123
123
1
1
123
1
42
1
1
100
123
123
23
123
1
5
1
1
1
5
1
1
1
1
123
1
2013
123
157619
1
3952
12345
111
1
1000
2013
25
2013
1345
42
1500
1500
1
1
1000
1212
1234
1
11
1
23958
1
1
123
1
1
444
10
12
36
1
300
0
42
1
290875
1
123
1
123134
1
100
1
1
123
25
10
123
123
47
1
94253
123
100
42
1
12345
1
1234
1234
1
321
1
1234
645
333
456
1
131107
77
1
55
1
665544
102
1
1
1111
42
100
1
12444
1
1
12345
1
9
123
1
1
42
1
1
123
1
12345
1
55775
9
100
1
12345
2013
1
1
1234
123
55775
111
123
2
1
2013
123
666
1
600
3690
1
1
1
1
12345
123
1
1
123
1
13
1
9
42
123
1
10
1234
1
31
101
31
100
1
31
1234
1234
1
31
2
1
1
1
100
1
1
123
111
31
400
46
1234
123
47
1
101
30
9485
1
1
1
5
1052
1
111
7
1
1234
1
1
123
123
1234
1
123
123
12345
13
234908
200
1
123
123
1
1234
1
123
23
1
45
1234
10
0
123
1
1026
1
667
1234
23432
123456789
4
1234
1
123
31
2
0
1
123456
31
315
123
12
12
1
1
1234
1234
2112
50
55
111
476
123
2
538
26798
23
51
538
11
123
103
123
123
1
1
7
123134
123
1
1
12345
1
1
120
1
1234
1
6511
1
13
10
1234
1
1234
5
17
16
123
1
45
1234
1
123
123
3
100
99
271
123
1
1
123
10
13
231
232
123
10
123
1
1
123
600
1
123
1
1
2
1
123
123
1
1200
12345
123
50
13
48151623
1
4
271
1
0
123
2
3957
1
1
123
1234
17
1
34
1
2000
2
6
42
0
198302
1
77
1
4
1
123
123
123
17
29
18
1
1
42
1
1
12
2
10
5872
20130613
1
1
899
123456
123
32
1234
1234
1
888
1234
1234
1
0
1234
100
0
1
1
1
42
1
12345
2
10000
340
1
50
50
12345
50
1981
1
123456
81
1
1234
12345
12345
50
18746
200
1
123
1234567890
2
22
20
123
1
123456
1
1
1
180
6
123
7
123
1234
10000
1
10000
0
123
0
15612
123
42
123
12345
12345
12345
0
1234
42
123
123
1
12
1234
30
1
123
1234
123
1234
1234
123
444
11
667
1
1
1
10
667
1
999
123
7
1234
1
1
200
1
413
42
10
42
9
42
42
1234
2
1
1234
2013
45
1
1234
123
1
30198
4
1234
100
45
1234
10
444
100
42
99
825
472
3
1234
123
1000
1
234
10010
1234
42
142
50
10
34859
2157010
999
999
23409
666
1114
100
100
123
1234
1
10
12345
111
8
647
1
0
10
99
20130226
3
999
1000
1066
1
1234
1234
45
123
1
1234
1121
42
897
1
1
1
140213
123
1234
1234
123
12345
179
123
123
2
1
1
12345
1
47
145
100
12345
123
2
2112
10
1
665544
1
2112
45
10
1234
1
123
123
1
1
1
1111
1
123
32423432
17
101
78910
1
54321
101
2
3
101
1
12345
12345
1234
2
1
112
1234
12
1
1234
1
12345
1
123
123
10
1
123
1
12
123456
1
123
456
123
98234
1
5
1234
271828
123
123
1
123
100
123
1
1
0
101
13973
1
51
38593
42
1000
1
1
5
47
10
42
42
1
10
123
42
123
1367
10
10
12345
2
1234
1986
1
12345
21
1
1982
100
10
123
10
1234
1
201
1
1
123
1859
12345
1
50
1
999
7
1
100
1
1
1
1410
1410
1410
1410
1
1234
1
1
1
1234
1410
1410
111
7
125
94
10
1
1234
1234
1
223
11
666
7302012
111
100
1
12345
123
1
7
1
1
12345
42
1
13
42
1
123
123
1
1
1
1
2
42
1
12345
123
1
5
1
9
123
1
5
101
1
20
1234
12345
100
1010
534
100523
4444
12008
12345
1234
3
12345
13
1
1
150
12345
1000
10
123
12345
12345
12345
666
666
123
0
1562
1
1
448
1
9345
123
100
123
1
123
12345
12345
6
0
123
4
123
124234345
6
1342
1
42
123
10
1
271828
42
271828
10
10
100
123
42
10
12345
100
11
1234
1
123
10
1
1234
20120220
101
1
1234
1
12345
10
0
12345
1001
69
0
12345
1
12345
20
212012
12
1
13
12345
723
4
1
1
2
42
1
1
3
1
4444
1
55
123
1
123
1
1
1
1
1234
1234
1
123
1234
1
1
123
12
123
13
123
123
67359
1500
1000
0
0
0
1
1
5
42
0
101
1
123
123
123
12345
12345
12345
1001
1345
1
42
2011
2
456
1234
1234
0
1
2
1234
1
1001
1
12345
1
271828
3
603
1234
1
1211
10
2
1
5464
1
5
1
12345
1234
42
10
10
1234
1
42
20110224
1
1
631
123
666
83877201
40
50
2001
1
1234
10
42
1
1234
100
1
2
39
1
1
2
1985
100
1000
1234
123
